{
 "vars": {
 "carat": {
 "mean": [ 2.4139, 2.0971, 2.0217, 2.0048, 1.7651, 1.6626, 1.5772,  1.535, 1.5158,   1.51, 1.5008, 1.4673, 1.3397, 1.2858, 1.2479, 1.2253, 1.2103,    1.2, 1.1795, 1.1433, 1.1196, 1.1008, 1.0811, 1.0642, 1.0488, 1.0366, 1.0262,   1.02, 1.0126,   1.01,   1.01,   1.01, 1.0041,      1,      1, 0.96976, 0.91796, 0.90663,    0.9,    0.9, 0.87111, 0.81169, 0.78673, 0.76167, 0.74154, 0.72788,   0.72, 0.71206,   0.71, 0.70607,    0.7,    0.7,    0.7, 0.66508, 0.60918, 0.58653, 0.57124, 0.55874, 0.54794, 0.53954,   0.53, 0.52269, 0.51785,   0.51, 0.50876,    0.5,    0.5, 0.4743, 0.43649, 0.42427, 0.41737,   0.41,   0.41, 0.40301,    0.4, 0.39711, 0.38449, 0.37692, 0.36423, 0.35484, 0.34722,   0.34, 0.3341,   0.33, 0.32616,   0.32,   0.32,   0.32, 0.3103,   0.31,   0.31,   0.31, 0.30202,    0.3,    0.3,    0.3,    0.3, 0.2795, 0.25555, 0.23299 ],
"compl": [      1,      1,      1,      1,      1,      1,      1,      1,      1,      1,      1,      1,      1,      1,      1,      1,      1,      1,      1,      1,      1,      1,      1,      1,      1,      1,      1,      1,      1,      1,      1,      1,      1,      1,      1,      1,      1,      1,      1,      1,      1,      1,      1,      1,      1,      1,      1,      1,      1,      1,      1,      1,      1,      1,      1,      1,      1,      1,      1,      1,      1,      1,      1,      1,      1,      1,      1,      1,      1,      1,      1,      1,      1,      1,      1,      1,      1,      1,      1,      1,      1,      1,      1,      1,      1,      1,      1,      1,      1,      1,      1,      1,      1,      1,      1,      1,      1,      1,      1,      1 ] 
},
"price": {
 "mean": [  15227,  14971,  14780,  14395,  12353,  11646,  10701,  10732,  10738,  10441,  10035, 9548.7,   7820, 7490.6, 7166.8, 7090.6, 6966.2, 6629.5, 6443.3, 6255.3,   5970, 5986.5, 5906.9, 5989.8,   5787, 5691.5, 5548.8, 5617.2,   5536, 5614.6, 5436.6, 5479.3, 5291.7, 5233.7, 5281.5, 4348.1, 3977.9, 3949.1, 3960.4, 3941.7, 3574.5, 3087.1, 3005.4, 2869.3, 2800.2, 2755.4, 2735.1, 2688.6,   2653, 2594.6, 2547.7, 2523.8, 2508.5, 2272.6,   2010, 1806.3, 1809.2, 1828.9, 1731.3, 1684.3, 1677.7, 1676.5, 1645.5, 1633.2, 1601.7, 1509.5, 1499.7, 1301.4, 1031.9,  994.8, 995.06,  973.4, 967.86, 949.43, 937.91, 924.77, 918.93, 864.19, 794.87, 795.78, 783.33, 755.86,  760.1, 770.15, 753.39, 711.22, 728.73, 720.09, 705.68, 708.36, 698.89, 718.16, 689.17, 673.32, 687.29, 681.54, 677.17, 583.62,  551.2, 489.16 ],
"compl": [      1,      1,      1,      1,      1,      1,      1,      1,      1,      1,      1,      1,      1,      1,      1,      1,      1,      1,      1,      1,      1,      1,      1,      1,      1,      1,      1,      1,      1,      1,      1,      1,      1,      1,      1,      1,      1,      1,      1,      1,      1,      1,      1,      1,      1,      1,      1,      1,      1,      1,      1,      1,      1,      1,      1,      1,      1,      1,      1,      1,      1,      1,      1,      1,      1,      1,      1,      1,      1,      1,      1,      1,      1,      1,      1,      1,      1,      1,      1,      1,      1,      1,      1,      1,      1,      1,      1,      1,      1,      1,      1,      1,      1,      1,      1,      1,      1,      1,      1,      1 ] 
},
"cut": {
 "freq": [ [ 0.0833, 0.0759, 0.1648,  0.413,  0.263 ],
[  0.037, 0.0519, 0.1833, 0.4352, 0.2926 ],
[ 0.0593, 0.1167, 0.2444, 0.3444, 0.2352 ],
[  0.113, 0.1556, 0.2407, 0.3296, 0.1611 ],
[ 0.0389, 0.0796, 0.2259, 0.3963, 0.2593 ],
[ 0.0093, 0.0704, 0.2056, 0.3407, 0.3741 ],
[ 0.0167, 0.0407, 0.1759,   0.35, 0.4167 ],
[ 0.0259, 0.0407, 0.1926, 0.4056, 0.3352 ],
[ 0.0519, 0.1074, 0.2315, 0.3352, 0.2741 ],
[   0.05, 0.1444, 0.2537, 0.3259, 0.2259 ],
[ 0.0685, 0.2056, 0.2722, 0.2963, 0.1574 ],
[ 0.0778, 0.1333, 0.2704, 0.3352, 0.1833 ],
[ 0.0296, 0.0444, 0.1944, 0.3611, 0.3704 ],
[ 0.0148, 0.0537, 0.1796, 0.3593, 0.3926 ],
[ 0.0148, 0.0333,  0.187, 0.3389, 0.4259 ],
[ 0.0074, 0.0407, 0.1815, 0.3426, 0.4278 ],
[ 0.0204, 0.0685, 0.2185, 0.3481, 0.3444 ],
[ 0.0259, 0.0944, 0.2907, 0.2981, 0.2907 ],
[ 0.0315, 0.0611, 0.1722, 0.2907, 0.4444 ],
[ 0.0167, 0.0463, 0.1907,  0.313, 0.4333 ],
[ 0.0148,   0.05, 0.1815, 0.3444, 0.4093 ],
[ 0.0148, 0.0426, 0.2056, 0.2889, 0.4481 ],
[ 0.0148, 0.0519, 0.1778, 0.2704, 0.4852 ],
[ 0.0093, 0.0389, 0.1981, 0.2907,  0.463 ],
[ 0.0241, 0.0556, 0.2185, 0.3037, 0.3981 ],
[ 0.0259, 0.0704, 0.1926, 0.3019, 0.4093 ],
[ 0.0389, 0.0741, 0.2278, 0.2778, 0.3815 ],
[ 0.0352, 0.1019, 0.2593, 0.2815, 0.3222 ],
[ 0.0444, 0.1741, 0.2963, 0.2815, 0.2037 ],
[ 0.0574, 0.1815, 0.2852, 0.2796, 0.1963 ],
[   0.05, 0.1852, 0.2611, 0.3093, 0.1944 ],
[ 0.0593, 0.1722, 0.2778, 0.3167, 0.1741 ],
[ 0.1056,  0.163, 0.2926, 0.2685, 0.1704 ],
[ 0.1074, 0.2167,  0.237, 0.3167, 0.1222 ],
[ 0.0907, 0.2333, 0.2722, 0.2796, 0.1241 ],
[  0.137, 0.1333, 0.2167, 0.3074, 0.2056 ],
[ 0.0593, 0.1537, 0.2759, 0.2981,  0.213 ],
[ 0.0574, 0.1722, 0.3222, 0.2463, 0.2019 ],
[ 0.0704, 0.2019, 0.3796, 0.2074, 0.1407 ],
[ 0.0759, 0.2241, 0.3352,  0.213, 0.1519 ],
[ 0.0631,  0.167, 0.2764, 0.2078, 0.2857 ],
[ 0.0297, 0.0816, 0.2319, 0.2282, 0.4286 ],
[ 0.0204, 0.0816, 0.3024, 0.1967, 0.3989 ],
[ 0.0297, 0.0761, 0.2412, 0.2319, 0.4212 ],
[ 0.0408, 0.0649, 0.2468, 0.2338, 0.4137 ],
[ 0.0427, 0.0519, 0.2096, 0.2115, 0.4842 ],
[ 0.0204, 0.0631, 0.2356, 0.1985, 0.4824 ],
[ 0.0315, 0.0853, 0.2727, 0.2059, 0.4045 ],
[ 0.0371, 0.1002, 0.2857, 0.1911, 0.3859 ],
[ 0.0501, 0.1299, 0.2505, 0.2152, 0.3544 ],
[ 0.0649, 0.1651, 0.2523, 0.2189, 0.2987 ],
[ 0.0649, 0.1354, 0.3358, 0.2022, 0.2616 ],
[ 0.0668, 0.1224, 0.3061, 0.2096,  0.295 ],
[ 0.0501, 0.1503, 0.2412, 0.2134, 0.3451 ],
[ 0.0223, 0.0798, 0.2078, 0.2115, 0.4787 ],
[ 0.0241, 0.0538, 0.2468, 0.1429, 0.5325 ],
[ 0.0148, 0.0482, 0.1818, 0.2022, 0.5529 ],
[  0.013, 0.0241, 0.1596, 0.1596, 0.6438 ],
[ 0.0019, 0.0501, 0.1577, 0.1855, 0.6048 ],
[ 0.0037, 0.0575,  0.154, 0.1911, 0.5937 ],
[ 0.0037, 0.0798, 0.1633, 0.1503,  0.603 ],
[ 0.0093, 0.0594, 0.1911, 0.1651, 0.5751 ],
[ 0.0056, 0.0649, 0.2208, 0.1577,  0.551 ],
[  0.013, 0.0742, 0.2542, 0.2004, 0.4583 ],
[ 0.0241, 0.1113, 0.2059, 0.2171, 0.4416 ],
[ 0.0742, 0.1503,  0.256, 0.2115,  0.308 ],
[ 0.0557, 0.1484, 0.2597, 0.2449, 0.2913 ],
[ 0.0668, 0.1262, 0.2189, 0.1855, 0.4026 ],
[  0.013, 0.0909, 0.1725, 0.2876,  0.436 ],
[ 0.0037, 0.0519, 0.1614, 0.2579,  0.525 ],
[ 0.0019, 0.0519, 0.1948,  0.243, 0.5083 ],
[ 0.0037, 0.0798, 0.1688,  0.282, 0.4657 ],
[ 0.0037, 0.0909, 0.1707, 0.2393, 0.4954 ],
[ 0.0019, 0.1076, 0.2004,  0.256, 0.4341 ],
[  0.013, 0.1039, 0.2319, 0.2134, 0.4378 ],
[ 0.0019, 0.1002, 0.2301, 0.2393, 0.4286 ],
[ 0.0056, 0.0464, 0.2022, 0.2078,  0.538 ],
[ 0.0037, 0.0408, 0.1874, 0.2783, 0.4898 ],
[ 0.0037, 0.0408, 0.1614, 0.2931, 0.5009 ],
[ 0.0037, 0.0501, 0.1243, 0.2486, 0.5733 ],
[ 0.0074, 0.0482, 0.1391, 0.2672,  0.538 ],
[ 0.0056, 0.0445, 0.1206, 0.2412, 0.5881 ],
[ 0.0037, 0.0464, 0.1818, 0.2523, 0.5158 ],
[ 0.0019, 0.0353, 0.1354, 0.2579, 0.5696 ],
[ 0.0019, 0.0315, 0.1373, 0.2542, 0.5751 ],
[      0, 0.0519, 0.1521, 0.2486, 0.5473 ],
[ 0.0037, 0.0519, 0.1391, 0.2152,   0.59 ],
[ 0.0019, 0.0408, 0.1391, 0.1948, 0.6234 ],
[ 0.0037, 0.0835, 0.1336, 0.2171, 0.5622 ],
[ 0.0037, 0.0891, 0.1484, 0.2134, 0.5455 ],
[ 0.0074, 0.0761, 0.1596, 0.2393, 0.5176 ],
[      0, 0.0631,  0.167, 0.2523, 0.5176 ],
[ 0.0111, 0.0891, 0.1596, 0.2115, 0.5288 ],
[ 0.0093, 0.0816, 0.1874, 0.2356, 0.4861 ],
[ 0.0019, 0.0946, 0.1985, 0.1967, 0.5083 ],
[ 0.0074, 0.0779, 0.2301,  0.256, 0.4286 ],
[ 0.0074, 0.0779, 0.2115, 0.2375, 0.4657 ],
[ 0.0074, 0.0464,  0.449, 0.0724, 0.4249 ],
[ 0.0056, 0.0686, 0.4304, 0.1206, 0.3748 ],
[ 0.0037, 0.0761, 0.6178, 0.1002, 0.2022 ] ],
"palet": [ "#D55E00", "#56B4E9", "#E69F00", "#009E73", "#F0E442", "#0072B2", "#CC79A7" ],
"categories": [ "Fair", "Good", "Very Good", "Premium", "Ideal" ] 
} 
} 
}
